2002/05/06 11:22:15[T] 01 17 00 00 00 7D 00 00 00 04 08 01 02 00 02 DB C7 00 00 E7 D5 
2002/05/06 11:22:15[R] 01 17 FA 01 06 00 01 DA 07 00 00 00 00 00 00 00 00 00 00 00 00 00 00 00 00 00 00 00 00 00 00 00 00 00 00 00 00 00 00 00 00 00 00 00 00 00 00 00 00 00 00 00 00 00 00 00 00 00 00 00 00 00 00 00 00 00 00 00 00 00 00 00 00 00 00 00 00 00 00 00 00 00 00 00 00 00 00 00 00 00 00 00 00 00 00 00 00 00 00 00 00 00 00 00 00 00 00 00 00 00 00 00 
2002/05/06 11:22:15[R] 00 00 00 00 00 00 00 00 00 00 00 00 00 00 00 00 00 00 00 00 00 00 00 00 00 00 00 00 00 00 00 00 00 00 00 00 00 00 00 00 00 00 00 00 00 00 00 00 00 00 00 00 00 00 00 00 00 00 00 00 00 00 00 00 00 00 00 00 00 00 00 00 00 00 00 00 00 00 00 00 00 00 00 00 00 00 00 00 00 00 00 00 00 00 00 00 00 00 00 00 00 00 00 00 00 00 00 00 00 00 00 00 
2002/05/06 11:22:15[R] 00 00 00 00 00 00 00 00 00 00 00 00 00 00 00 00 00 00 00 00 00 00 00 00 00 00 00 00 00 9A EA 
2002/05/06 11:22:15[T] 01 17 00 00 00 7D 00 00 00 05 0A 01 00 01 01 31 26 02 00 01 01 FC 8C 
2002/05/06 11:22:15[R] 01 17 FA 01 00 01 02 C0 CB 4D 00 02 43 43 55 38 32 35 00 00 00 53 4D 00 00 00 00 00 00 00 10 02 01 02 01 02 4E 6F 76 20 31 34 20 32 30 31 33 00 52 55 53 00 16 16 02 06 53 56 00 54 4E F1 1C 8F F5 00 00 00 38 36 39 31 35 38 30 30 37 38 35 33 35 31 34 00 04 00 00 06 00 00 00 00 00 00 00 00 00 00 00 00 00 00 00 00 00 00 00 00 00 00 00 00 
2002/05/06 11:22:15[R] 00 00 00 00 00 00 00 00 00 00 00 00 00 00 00 00 00 00 00 00 00 00 00 00 00 00 00 00 00 00 00 00 00 00 00 00 00 00 00 00 00 00 00 00 00 00 00 00 00 00 00 00 00 00 00 00 00 00 00 00 00 00 00 00 00 00 00 00 00 00 00 00 00 00 00 00 00 00 00 00 00 00 00 00 00 00 00 00 00 00 00 00 00 00 00 00 00 00 00 00 00 00 00 00 00 00 00 00 00 00 00 00 
2002/05/06 11:22:15[R] 00 00 00 00 00 00 00 00 00 00 00 00 00 00 00 00 00 00 00 00 00 00 00 00 00 00 00 00 00 95 6B 
2002/05/06 11:22:17[T] 01 17 00 00 00 7D 00 00 00 04 08 01 02 00 02 DB C7 00 00 E7 D5 
2002/05/06 11:22:17[R] 01 17 FA 01 06 00 01 DA 07 00 00 00 00 00 00 00 00 00 00 00 00 00 00 00 00 00 00 00 00 00 00 00 00 00 00 00 00 00 00 00 00 00 00 00 00 00 00 00 00 00 00 00 00 00 00 00 00 00 00 00 00 00 00 00 00 00 00 00 00 00 00 00 00 00 00 00 00 00 00 00 00 00 00 00 00 00 00 00 00 00 00 00 00 00 00 00 00 00 00 00 00 00 00 00 00 00 00 00 00 00 00 00 
2002/05/06 11:22:17[R] 00 00 00 00 00 00 00 00 00 00 00 00 00 00 00 00 00 00 00 00 00 00 00 00 00 00 00 00 00 00 00 00 00 00 00 00 00 00 00 00 00 00 00 00 00 00 00 00 00 00 00 00 00 00 00 00 00 00 00 00 00 00 00 00 00 00 00 00 00 00 00 00 00 00 00 00 00 00 00 00 00 00 00 00 00 00 00 00 00 00 00 00 00 00 00 00 00 00 00 00 00 00 00 00 00 00 00 00 00 00 00 00 
2002/05/06 11:22:17[R] 00 00 00 00 00 00 00 00 00 00 00 00 00 00 00 00 00 00 00 00 00 00 00 00 00 00 00 00 00 9A EA 
2002/05/06 11:22:17[T] 01 17 00 00 00 7D 00 00 00 05 0A 01 00 01 01 31 26 02 00 01 01 FC 8C 
2002/05/06 11:22:17[R] 01 17 FA 01 00 01 02 C0 CB 4D 00 02 43 43 55 38 32 35 00 00 00 53 4D 00 00 00 00 00 00 00 10 02 01 02 01 02 4E 6F 76 20 31 34 20 32 30 31 33 00 52 55 53 00 16 16 02 06 53 56 00 54 4E F1 1C 8F F5 00 00 00 38 36 39 31 35 38 30 30 37 38 35 33 35 31 34 00 04 00 00 06 00 00 00 00 00 00 00 00 00 00 00 00 00 00 00 00 00 00 00 00 00 00 00 00 
2002/05/06 11:22:18[R] 00 00 00 00 00 00 00 00 00 00 00 00 00 00 00 00 00 00 00 00 00 00 00 00 00 00 00 00 00 00 00 00 00 00 00 00 00 00 00 00 00 00 00 00 00 00 00 00 00 00 00 00 00 00 00 00 00 00 00 00 00 00 00 00 00 00 00 00 00 00 00 00 00 00 00 00 00 00 00 00 00 00 00 00 00 00 00 00 00 00 00 00 00 00 00 00 00 00 00 00 00 00 00 00 00 00 00 00 00 00 00 00 
2002/05/06 11:22:18[R] 00 00 00 00 00 00 00 00 00 00 00 00 00 00 00 00 00 00 00 00 00 00 00 00 00 00 00 00 00 95 6B 
2002/05/06 11:22:19[T] 01 17 00 00 00 7D 00 00 00 04 08 01 02 00 02 DB C7 00 00 E7 D5 
2002/05/06 11:22:19[R] 01 17 FA 01 06 00 01 DA 07 00 00 00 00 00 00 00 00 00 00 00 00 00 00 00 00 00 00 00 00 00 00 00 00 00 00 00 00 00 00 00 00 00 00 00 00 00 00 00 00 00 00 00 00 00 00 00 00 00 00 00 00 00 00 00 00 00 00 00 00 00 00 00 00 00 00 00 00 00 00 00 00 00 00 00 00 00 00 00 00 00 00 00 00 00 00 00 00 00 00 00 00 00 00 00 00 00 00 00 00 00 00 00 
2002/05/06 11:22:19[R] 00 00 00 00 00 00 00 00 00 00 00 00 00 00 00 00 00 00 00 00 00 00 00 00 00 00 00 00 00 00 00 00 00 00 00 00 00 00 00 00 00 00 00 00 00 00 00 00 00 00 00 00 00 00 00 00 00 00 00 00 00 00 00 00 00 00 00 00 00 00 00 00 00 00 00 00 00 00 00 00 00 00 00 00 00 00 00 00 00 00 00 00 00 00 00 00 00 00 00 00 00 00 00 00 00 00 00 00 00 00 00 00 
2002/05/06 11:22:19[R] 00 00 00 00 00 00 00 00 00 00 00 00 00 00 00 00 00 00 00 00 00 00 00 00 00 00 00 00 00 9A EA 
2002/05/06 11:22:19[T] 01 17 00 00 00 7D 00 00 00 05 0A 01 00 01 01 31 26 02 00 01 01 FC 8C 
2002/05/06 11:22:20[R] 01 17 FA 01 00 01 02 C0 CB 4D 00 02 43 43 55 38 32 35 00 00 00 53 4D 00 00 00 00 00 00 00 10 02 01 02 01 02 4E 6F 76 20 31 34 20 32 30 31 33 00 52 55 53 00 16 16 02 06 53 56 00 54 4E F1 1C 8F F5 00 00 00 38 36 39 31 35 38 30 30 37 38 35 33 35 31 34 00 04 00 00 06 00 00 00 00 00 00 00 00 00 00 00 00 00 00 00 00 00 00 00 00 00 00 00 00 
2002/05/06 11:22:20[R] 00 00 00 00 00 00 00 00 00 00 00 00 00 00 00 00 00 00 00 00 00 00 00 00 00 00 00 00 00 00 00 00 00 00 00 00 00 00 00 00 00 00 00 00 00 00 00 00 00 00 00 00 00 00 00 00 00 00 00 00 00 00 00 00 00 00 00 00 00 00 00 00 00 00 00 00 00 00 00 00 00 00 00 00 00 00 00 00 00 00 00 00 00 00 00 00 00 00 00 00 00 00 00 00 00 00 00 00 00 00 00 00 
2002/05/06 11:22:20[R] 00 00 00 00 00 00 00 00 00 00 00 00 00 00 00 00 00 00 00 00 00 00 00 00 00 00 00 00 00 95 6B 
2002/05/06 11:22:21[T] 01 17 00 00 00 7D 00 00 00 04 08 01 02 00 02 DB C7 00 00 E7 D5 
2002/05/06 11:22:21[R] 01 17 FA 01 06 00 01 DA 07 00 00 00 00 00 00 00 00 00 00 00 00 00 00 00 00 00 00 00 00 00 00 00 00 00 00 00 00 00 00 00 00 00 00 00 00 00 00 00 00 00 00 00 00 00 00 00 00 00 00 00 00 00 00 00 00 00 00 00 00 00 00 00 00 00 00 00 00 00 00 00 00 00 00 00 00 00 00 00 00 00 00 00 00 00 00 00 00 00 00 00 00 00 00 00 00 00 00 00 00 00 00 00 
2002/05/06 11:22:21[R] 00 00 00 00 00 00 00 00 00 00 00 00 00 00 00 00 00 00 00 00 00 00 00 00 00 00 00 00 00 00 00 00 00 00 00 00 00 00 00 00 00 00 00 00 00 00 00 00 00 00 00 00 00 00 00 00 00 00 00 00 00 00 00 00 00 00 00 00 00 00 00 00 00 00 00 00 00 00 00 00 00 00 00 00 00 00 00 00 00 00 00 00 00 00 00 00 00 00 00 00 00 00 00 00 00 00 00 00 00 00 00 00 
2002/05/06 11:22:21[R] 00 00 00 00 00 00 00 00 00 00 00 00 00 00 00 00 00 00 00 00 00 00 00 00 00 00 00 00 00 9A EA 
2002/05/06 11:22:21[T] 01 17 00 00 00 7D 00 00 00 05 0A 01 00 01 01 31 26 02 00 01 01 FC 8C 
2002/05/06 11:22:22[R] 01 17 FA 01 00 01 02 C0 CB 4D 00 02 43 43 55 38 32 35 00 00 00 53 4D 00 00 00 00 00 00 00 10 02 01 02 01 02 4E 6F 76 20 31 34 20 32 30 31 33 00 52 55 53 00 16 16 02 06 53 56 00 54 4E F1 1C 8F F5 00 00 00 38 36 39 31 35 38 30 30 37 38 35 33 35 31 34 00 04 00 00 06 00 00 00 00 00 00 00 00 00 00 00 00 00 00 00 00 00 00 00 00 00 00 00 00 
2002/05/06 11:22:22[R] 00 00 00 00 00 00 00 00 00 00 00 00 00 00 00 00 00 00 00 00 00 00 00 00 00 00 00 00 00 00 00 00 00 00 00 00 00 00 00 00 00 00 00 00 00 00 00 00 00 00 00 00 00 00 00 00 00 00 00 00 00 00 00 00 00 00 00 00 00 00 00 00 00 00 00 00 00 00 00 00 00 00 00 00 00 00 00 00 00 00 00 00 00 00 00 00 00 00 00 00 00 00 00 00 00 00 00 00 00 00 00 00 
2002/05/06 11:22:22[R] 00 00 00 00 00 00 00 00 00 00 00 00 00 00 00 00 00 00 00 00 00 00 00 00 00 00 00 00 00 95 6B 
2002/05/06 11:22:23[T] 01 17 00 00 00 7D 00 00 00 04 08 01 02 00 02 DB C7 00 00 E7 D5 
2002/05/06 11:22:24[R] 01 17 FA 01 06 00 01 DA 07 00 00 00 00 00 00 00 00 00 00 00 00 00 00 00 00 00 00 00 00 00 00 00 00 00 00 00 00 00 00 00 00 00 00 00 00 00 00 00 00 00 00 00 00 00 00 00 00 00 00 00 00 00 00 00 00 00 00 00 00 00 00 00 00 00 00 00 00 00 00 00 00 00 00 00 00 00 00 00 00 00 00 00 00 00 00 00 00 00 00 00 00 00 00 00 00 00 00 00 00 00 00 00 
2002/05/06 11:22:24[R] 00 00 00 00 00 00 00 00 00 00 00 00 00 00 00 00 00 00 00 00 00 00 00 00 00 00 00 00 00 00 00 00 00 00 00 00 00 00 00 00 00 00 00 00 00 00 00 00 00 00 00 00 00 00 00 00 00 00 00 00 00 00 00 00 00 00 00 00 00 00 00 00 00 00 00 00 00 00 00 00 00 00 00 00 00 00 00 00 00 00 00 00 00 00 00 00 00 00 00 00 00 00 00 00 00 00 00 00 00 00 00 00 
2002/05/06 11:22:24[R] 00 00 00 00 00 00 00 00 00 00 00 00 00 00 00 00 00 00 00 00 00 00 00 00 00 00 00 00 00 9A EA 
2002/05/06 11:22:24[T] 01 17 00 00 00 7D 00 00 00 05 0A 01 00 01 01 31 26 02 00 01 01 FC 8C 
2002/05/06 11:22:24[R] 01 17 FA 01 00 01 02 C0 CB 4D 00 02 43 43 55 38 32 35 00 00 00 53 4D 00 00 00 00 00 00 00 10 02 01 02 01 02 4E 6F 76 20 31 34 20 32 30 31 33 00 52 55 53 00 16 16 02 06 53 56 00 54 4E F1 1C 8F F5 00 00 00 38 36 39 31 35 38 30 30 37 38 35 33 35 31 34 00 04 00 00 06 00 00 00 00 00 00 00 00 00 00 00 00 00 00 00 00 00 00 00 00 00 00 00 00 
2002/05/06 11:22:24[R] 00 00 00 00 00 00 00 00 00 00 00 00 00 00 00 00 00 00 00 00 00 00 00 00 00 00 00 00 00 00 00 00 00 00 00 00 00 00 00 00 00 00 00 00 00 00 00 00 00 00 00 00 00 00 00 00 00 00 00 00 00 00 00 00 00 00 00 00 00 00 00 00 00 00 00 00 00 00 00 00 00 00 00 00 00 00 00 00 00 00 00 00 00 00 00 00 00 00 00 00 00 00 00 00 00 00 00 00 00 00 00 00 
2002/05/06 11:22:24[R] 00 00 00 00 00 00 00 00 00 00 00 00 00 00 00 00 00 00 00 00 00 00 00 00 00 00 00 00 00 95 6B 
2002/05/06 11:22:25[T] 01 17 00 00 00 7D 00 00 00 04 08 01 02 00 02 DB C7 00 00 E7 D5 
2002/05/06 11:22:26[R] 01 17 FA 01 06 00 01 DA 07 00 00 00 00 00 00 00 00 00 00 00 00 00 00 00 00 00 00 00 00 00 00 00 00 00 00 00 00 00 00 00 00 00 00 00 00 00 00 00 00 00 00 00 00 00 00 00 00 00 00 00 00 00 00 00 00 00 00 00 00 00 00 00 00 00 00 00 00 00 00 00 00 00 00 00 00 00 00 00 00 00 00 00 00 00 00 00 00 00 00 00 00 00 00 00 00 00 00 00 00 00 00 00 
2002/05/06 11:22:26[R] 00 00 00 00 00 00 00 00 00 00 00 00 00 00 00 00 00 00 00 00 00 00 00 00 00 00 00 00 00 00 00 00 00 00 00 00 00 00 00 00 00 00 00 00 00 00 00 00 00 00 00 00 00 00 00 00 00 00 00 00 00 00 00 00 00 00 00 00 00 00 00 00 00 00 00 00 00 00 00 00 00 00 00 00 00 00 00 00 00 00 00 00 00 00 00 00 00 00 00 00 00 00 00 00 00 00 00 00 00 00 00 00 
2002/05/06 11:22:26[R] 00 00 00 00 00 00 00 00 00 00 00 00 00 00 00 00 00 00 00 00 00 00 00 00 00 00 00 00 00 9A EA 
2002/05/06 11:22:26[T] 01 17 00 00 00 7D 00 00 00 05 0A 01 00 01 01 31 26 02 00 01 01 FC 8C 
2002/05/06 11:22:26[R] 01 17 FA 01 00 01 02 C0 CB 4D 00 02 43 43 55 38 32 35 00 00 00 53 4D 00 00 00 00 00 00 00 10 02 01 02 01 02 4E 6F 76 20 31 34 20 32 30 31 33 00 52 55 53 00 16 16 02 06 53 56 00 54 4E F1 1C 8F F5 00 00 00 38 36 39 31 35 38 30 30 37 38 35 33 35 31 34 00 04 00 00 06 00 00 00 00 00 00 00 00 00 00 00 00 00 00 00 00 00 00 00 00 00 00 00 00 
2002/05/06 11:22:26[R] 00 00 00 00 00 00 00 00 00 00 00 00 00 00 00 00 00 00 00 00 00 00 00 00 00 00 00 00 00 00 00 00 00 00 00 00 00 00 00 00 00 00 00 00 00 00 00 00 00 00 00 00 00 00 00 00 00 00 00 00 00 00 00 00 00 00 00 00 00 00 00 00 00 00 00 00 00 00 00 00 00 00 00 00 00 00 00 00 00 00 00 00 00 00 00 00 00 00 00 00 00 00 00 00 00 00 00 00 00 00 00 00 
2002/05/06 11:22:26[R] 00 00 00 00 00 00 00 00 00 00 00 00 00 00 00 00 00 00 00 00 00 00 00 00 00 00 00 00 00 95 6B 
2002/05/06 11:22:28[T] 01 17 00 00 00 7D 00 00 00 04 08 01 02 00 02 DB C7 00 00 E7 D5 
2002/05/06 11:22:28[R] 01 17 FA 01 06 00 01 DA 07 00 00 00 00 00 00 00 00 00 00 00 00 00 00 00 00 00 00 00 00 00 00 00 00 00 00 00 00 00 00 00 00 00 00 00 00 00 00 00 00 00 00 00 00 00 00 00 00 00 00 00 00 00 00 00 00 00 00 00 00 00 00 00 00 00 00 00 00 00 00 00 00 00 00 00 00 00 00 00 00 00 00 00 00 00 00 00 00 00 00 00 00 00 00 00 00 00 00 00 00 00 00 00 
2002/05/06 11:22:28[R] 00 00 00 00 00 00 00 00 00 00 00 00 00 00 00 00 00 00 00 00 00 00 00 00 00 00 00 00 00 00 00 00 00 00 00 00 00 00 00 00 00 00 00 00 00 00 00 00 00 00 00 00 00 00 00 00 00 00 00 00 00 00 00 00 00 00 00 00 00 00 00 00 00 00 00 00 00 00 00 00 00 00 00 00 00 00 00 00 00 00 00 00 00 00 00 00 00 00 00 00 00 00 00 00 00 00 00 00 00 00 00 00 
2002/05/06 11:22:28[R] 00 00 00 00 00 00 00 00 00 00 00 00 00 00 00 00 00 00 00 00 00 00 00 00 00 00 00 00 00 9A EA 
2002/05/06 11:22:28[T] 01 17 00 00 00 7D 00 00 00 05 0A 01 00 01 01 31 26 02 00 01 01 FC 8C 
2002/05/06 11:22:28[R] 01 17 FA 01 00 01 02 C0 CB 4D 00 02 43 43 55 38 32 35 00 00 00 53 4D 00 00 00 00 00 00 00 10 02 01 02 01 02 4E 6F 76 20 31 34 20 32 30 31 33 00 52 55 53 00 16 16 02 06 53 56 00 54 4E F1 1C 8F F5 00 00 00 38 36 39 31 35 38 30 30 37 38 35 33 35 31 34 00 04 00 00 06 00 00 00 00 00 00 00 00 00 00 00 00 00 00 00 00 00 00 00 00 00 00 00 00 
2002/05/06 11:22:28[R] 00 00 00 00 00 00 00 00 00 00 00 00 00 00 00 00 00 00 00 00 00 00 00 00 00 00 00 00 00 00 00 00 00 00 00 00 00 00 00 00 00 00 00 00 00 00 00 00 00 00 00 00 00 00 00 00 00 00 00 00 00 00 00 00 00 00 00 00 00 00 00 00 00 00 00 00 00 00 00 00 00 00 00 00 00 00 00 00 00 00 00 00 00 00 00 00 00 00 00 00 00 00 00 00 00 00 00 00 00 00 00 00 
2002/05/06 11:22:28[R] 00 00 00 00 00 00 00 00 00 00 00 00 00 00 00 00 00 00 00 00 00 00 00 00 00 00 00 00 00 95 6B 
2002/05/06 11:22:30[T] 01 17 00 00 00 7D 00 00 00 04 08 01 02 00 02 DB C7 00 00 E7 D5 
2002/05/06 11:22:30[R] 01 17 FA 01 06 00 01 DA 07 00 00 00 00 00 00 00 00 00 00 00 00 00 00 00 00 00 00 00 00 00 00 00 00 00 00 00 00 00 00 00 00 00 00 00 00 00 00 00 00 00 00 00 00 00 00 00 00 00 00 00 00 00 00 00 00 00 00 00 00 00 00 00 00 00 00 00 00 00 00 00 00 00 00 00 00 00 00 00 00 00 00 00 00 00 00 00 00 00 00 00 00 00 00 00 00 00 00 00 00 00 00 00 
2002/05/06 11:22:30[R] 00 00 00 00 00 00 00 00 00 00 00 00 00 00 00 00 00 00 00 00 00 00 00 00 00 00 00 00 00 00 00 00 00 00 00 00 00 00 00 00 00 00 00 00 00 00 00 00 00 00 00 00 00 00 00 00 00 00 00 00 00 00 00 00 00 00 00 00 00 00 00 00 00 00 00 00 00 00 00 00 00 00 00 00 00 00 00 00 00 00 00 00 00 00 00 00 00 00 00 00 00 00 00 00 00 00 00 00 00 00 00 00 
2002/05/06 11:22:30[R] 00 00 00 00 00 00 00 00 00 00 00 00 00 00 00 00 00 00 00 00 00 00 00 00 00 00 00 00 00 9A EA 
2002/05/06 11:22:30[T] 01 17 00 00 00 7D 00 00 00 05 0A 01 00 01 01 31 26 02 00 01 01 FC 8C 
2002/05/06 11:22:31[R] 01 17 FA 01 00 01 02 C0 CB 4D 00 02 43 43 55 38 32 35 00 00 00 53 4D 00 00 00 00 00 00 00 10 02 01 02 01 02 4E 6F 76 20 31 34 20 32 30 31 33 00 52 55 53 00 16 16 02 06 53 56 00 54 4E F1 1C 8F F5 00 00 00 38 36 39 31 35 38 30 30 37 38 35 33 35 31 34 00 04 00 00 06 00 00 00 00 00 00 00 00 00 00 00 00 00 00 00 00 00 00 00 00 00 00 00 00 
2002/05/06 11:22:31[R] 00 00 00 00 00 00 00 00 00 00 00 00 00 00 00 00 00 00 00 00 00 00 00 00 00 00 00 00 00 00 00 00 00 00 00 00 00 00 00 00 00 00 00 00 00 00 00 00 00 00 00 00 00 00 00 00 00 00 00 00 00 00 00 00 00 00 00 00 00 00 00 00 00 00 00 00 00 00 00 00 00 00 00 00 00 00 00 00 00 00 00 00 00 00 00 00 00 00 00 00 00 00 00 00 00 00 00 00 00 00 00 00 
2002/05/06 11:22:31[R] 00 00 00 00 00 00 00 00 00 00 00 00 00 00 00 00 00 00 00 00 00 00 00 00 00 00 00 00 00 95 6B 
2002/05/06 11:22:32[T] 01 17 00 00 00 7D 00 00 00 04 08 01 02 00 02 DB C7 00 00 E7 D5 
2002/05/06 11:22:32[R] 01 17 FA 01 06 00 01 DA 07 00 00 00 00 00 00 00 00 00 00 00 00 00 00 00 00 00 00 00 00 00 00 00 00 00 00 00 00 00 00 00 00 00 00 00 00 00 00 00 00 00 00 00 00 00 00 00 00 00 00 00 00 00 00 00 00 00 00 00 00 00 00 00 00 00 00 00 00 00 00 00 00 00 00 00 00 00 00 00 00 00 00 00 00 00 00 00 00 00 00 00 00 00 00 00 00 00 00 00 00 00 00 00 
2002/05/06 11:22:32[R] 00 00 00 00 00 00 00 00 00 00 00 00 00 00 00 00 00 00 00 00 00 00 00 00 00 00 00 00 00 00 00 00 00 00 00 00 00 00 00 00 00 00 00 00 00 00 00 00 00 00 00 00 00 00 00 00 00 00 00 00 00 00 00 00 00 00 00 00 00 00 00 00 00 00 00 00 00 00 00 00 00 00 00 00 00 00 00 00 00 00 00 00 00 00 00 00 00 00 00 00 00 00 00 00 00 00 00 00 00 00 00 00 
2002/05/06 11:22:32[R] 00 00 00 00 00 00 00 00 00 00 00 00 00 00 00 00 00 00 00 00 00 00 00 00 00 00 00 00 00 9A EA 
2002/05/06 11:22:32[T] 01 17 00 00 00 7D 00 00 00 05 0A 01 00 01 01 31 26 02 00 01 01 FC 8C 
2002/05/06 11:22:33[R] 01 17 FA 01 00 01 02 C0 CB 4D 00 02 43 43 55 38 32 35 00 00 00 53 4D 00 00 00 00 00 00 00 10 02 01 02 01 02 4E 6F 76 20 31 34 20 32 30 31 33 00 52 55 53 00 16 16 02 06 53 56 00 54 4E F1 1C 8F F5 00 00 00 38 36 39 31 35 38 30 30 37 38 35 33 35 31 34 00 04 00 00 06 00 00 00 00 00 00 00 00 00 00 00 00 00 00 00 00 00 00 00 00 00 00 00 00 
2002/05/06 11:22:33[R] 00 00 00 00 00 00 00 00 00 00 00 00 00 00 00 00 00 00 00 00 00 00 00 00 00 00 00 00 00 00 00 00 00 00 00 00 00 00 00 00 00 00 00 00 00 00 00 00 00 00 00 00 00 00 00 00 00 00 00 00 00 00 00 00 00 00 00 00 00 00 00 00 00 00 00 00 00 00 00 00 00 00 00 00 00 00 00 00 00 00 00 00 00 00 00 00 00 00 00 00 00 00 00 00 00 00 00 00 00 00 00 00 
2002/05/06 11:22:33[R] 00 00 00 00 00 00 00 00 00 00 00 00 00 00 00 00 00 00 00 00 00 00 00 00 00 00 00 00 00 95 6B 
2002/05/06 11:22:34[T] 01 17 00 00 00 7D 00 00 00 04 08 01 02 00 02 DB C7 00 00 E7 D5 
2002/05/06 11:22:34[R] 01 17 FA 01 06 00 01 DA 07 00 00 00 00 00 00 00 00 00 00 00 00 00 00 00 00 00 00 00 00 00 00 00 00 00 00 00 00 00 00 00 00 00 00 00 00 00 00 00 00 00 00 00 00 00 00 00 00 00 00 00 00 00 00 00 00 00 00 00 00 00 00 00 00 00 00 00 00 00 00 00 00 00 00 00 00 00 00 00 00 00 00 00 00 00 00 00 00 00 00 00 00 00 00 00 00 00 00 00 00 00 00 00 
2002/05/06 11:22:35[R] 00 00 00 00 00 00 00 00 00 00 00 00 00 00 00 00 00 00 00 00 00 00 00 00 00 00 00 00 00 00 00 00 00 00 00 00 00 00 00 00 00 00 00 00 00 00 00 00 00 00 00 00 00 00 00 00 00 00 00 00 00 00 00 00 00 00 00 00 00 00 00 00 00 00 00 00 00 00 00 00 00 00 00 00 00 00 00 00 00 00 00 00 00 00 00 00 00 00 00 00 00 00 00 00 00 00 00 00 00 00 00 00 
2002/05/06 11:22:35[R] 00 00 00 00 00 00 00 00 00 00 00 00 00 00 00 00 00 00 00 00 00 00 00 00 00 00 00 00 00 9A EA 
2002/05/06 11:22:35[T] 01 17 00 00 00 7D 00 00 00 05 0A 01 00 01 01 31 26 02 00 01 01 FC 8C 
2002/05/06 11:22:35[R] 01 17 FA 01 00 01 02 C0 CB 4D 00 02 43 43 55 38 32 35 00 00 00 53 4D 00 00 00 00 00 00 00 10 02 01 02 01 02 4E 6F 76 20 31 34 20 32 30 31 33 00 52 55 53 00 16 16 02 06 53 56 00 54 4E F1 1C 8F F5 00 00 00 38 36 39 31 35 38 30 30 37 38 35 33 35 31 34 00 04 00 00 06 00 00 00 00 00 00 00 00 00 00 00 00 00 00 00 00 00 00 00 00 00 00 00 00 
2002/05/06 11:22:35[R] 00 00 00 00 00 00 00 00 00 00 00 00 00 00 00 00 00 00 00 00 00 00 00 00 00 00 00 00 00 00 00 00 00 00 00 00 00 00 00 00 00 00 00 00 00 00 00 00 00 00 00 00 00 00 00 00 00 00 00 00 00 00 00 00 00 00 00 00 00 00 00 00 00 00 00 00 00 00 00 00 00 00 00 00 00 00 00 00 00 00 00 00 00 00 00 00 00 00 00 00 00 00 00 00 00 00 00 00 00 00 00 00 
2002/05/06 11:22:35[R] 00 00 00 00 00 00 00 00 00 00 00 00 00 00 00 00 00 00 00 00 00 00 00 00 00 00 00 00 00 95 6B 
2002/05/06 11:22:36[T] 01 17 00 00 00 7D 00 00 00 04 08 01 02 00 02 DB C7 00 00 E7 D5 
2002/05/06 11:22:37[R] 01 17 FA 01 06 00 01 DA 07 00 00 00 00 00 00 00 00 00 00 00 00 00 00 00 00 00 00 00 00 00 00 00 00 00 00 00 00 00 00 00 00 00 00 00 00 00 00 00 00 00 00 00 00 00 00 00 00 00 00 00 00 00 00 00 00 00 00 00 00 00 00 00 00 00 00 00 00 00 00 00 00 00 00 00 00 00 00 00 00 00 00 00 00 00 00 00 00 00 00 00 00 00 00 00 00 00 00 00 00 00 00 00 
2002/05/06 11:22:37[R] 00 00 00 00 00 00 00 00 00 00 00 00 00 00 00 00 00 00 00 00 00 00 00 00 00 00 00 00 00 00 00 00 00 00 00 00 00 00 00 00 00 00 00 00 00 00 00 00 00 00 00 00 00 00 00 00 00 00 00 00 00 00 00 00 00 00 00 00 00 00 00 00 00 00 00 00 00 00 00 00 00 00 00 00 00 00 00 00 00 00 00 00 00 00 00 00 00 00 00 00 00 00 00 00 00 00 00 00 00 00 00 00 
2002/05/06 11:22:37[R] 00 00 00 00 00 00 00 00 00 00 00 00 00 00 00 00 00 00 00 00 00 00 00 00 00 00 00 00 00 9A EA 
2002/05/06 11:22:37[T] 01 17 00 00 00 7D 00 00 00 05 0A 01 00 01 01 31 26 02 00 01 01 FC 8C 
2002/05/06 11:22:37[R] 01 17 FA 01 00 01 02 C0 CB 4D 00 02 43 43 55 38 32 35 00 00 00 53 4D 00 00 00 00 00 00 00 10 02 01 02 01 02 4E 6F 76 20 31 34 20 32 30 31 33 00 52 55 53 00 16 16 02 06 53 56 00 54 4E F1 1C 8F F5 00 00 00 38 36 39 31 35 38 30 30 37 38 35 33 35 31 34 00 04 00 00 06 00 00 00 00 00 00 00 00 00 00 00 00 00 00 00 00 00 00 00 00 00 00 00 00 
2002/05/06 11:22:37[R] 00 00 00 00 00 00 00 00 00 00 00 00 00 00 00 00 00 00 00 00 00 00 00 00 00 00 00 00 00 00 00 00 00 00 00 00 00 00 00 00 00 00 00 00 00 00 00 00 00 00 00 00 00 00 00 00 00 00 00 00 00 00 00 00 00 00 00 00 00 00 00 00 00 00 00 00 00 00 00 00 00 00 00 00 00 00 00 00 00 00 00 00 00 00 00 00 00 00 00 00 00 00 00 00 00 00 00 00 00 00 00 00 
2002/05/06 11:22:37[R] 00 00 00 00 00 00 00 00 00 00 00 00 00 00 00 00 00 00 00 00 00 00 00 00 00 00 00 00 00 95 6B 
2002/05/06 11:22:39[T] 01 17 00 00 00 7D 00 00 00 04 08 01 02 00 02 DB C7 00 00 E7 D5 
2002/05/06 11:22:39[R] 01 17 FA 01 06 00 01 DA 07 00 00 00 00 00 00 00 00 00 00 00 00 00 00 00 00 00 00 00 00 00 00 00 00 00 00 00 00 00 00 00 00 00 00 00 00 00 00 00 00 00 00 00 00 00 00 00 00 00 00 00 00 00 00 00 00 00 00 00 00 00 00 00 00 00 00 00 00 00 00 00 00 00 00 00 00 00 00 00 00 00 00 00 00 00 00 00 00 00 00 00 00 00 00 00 00 00 00 00 00 00 00 00 
2002/05/06 11:22:39[R] 00 00 00 00 00 00 00 00 00 00 00 00 00 00 00 00 00 00 00 00 00 00 00 00 00 00 00 00 00 00 00 00 00 00 00 00 00 00 00 00 00 00 00 00 00 00 00 00 00 00 00 00 00 00 00 00 00 00 00 00 00 00 00 00 00 00 00 00 00 00 00 00 00 00 00 00 00 00 00 00 00 00 00 00 00 00 00 00 00 00 00 00 00 00 00 00 00 00 00 00 00 00 00 00 00 00 00 00 00 00 00 00 
2002/05/06 11:22:39[R] 00 00 00 00 00 00 00 00 00 00 00 00 00 00 00 00 00 00 00 00 00 00 00 00 00 00 00 00 00 9A EA 
2002/05/06 11:22:39[T] 01 17 00 00 00 7D 00 00 00 05 0A 01 00 01 01 31 26 02 00 01 01 FC 8C 
2002/05/06 11:22:39[R] 01 17 FA 01 00 01 02 C0 CB 4D 00 02 43 43 55 38 32 35 00 00 00 53 4D 00 00 00 00 00 00 00 10 02 01 02 01 02 4E 6F 76 20 31 34 20 32 30 31 33 00 52 55 53 00 16 16 02 06 53 56 00 54 4E F1 1C 8F F5 00 00 00 38 36 39 31 35 38 30 30 37 38 35 33 35 31 34 00 04 00 00 06 00 00 00 00 00 00 00 00 00 00 00 00 00 00 00 00 00 00 00 00 00 00 00 00 
2002/05/06 11:22:39[R] 00 00 00 00 00 00 00 00 00 00 00 00 00 00 00 00 00 00 00 00 00 00 00 00 00 00 00 00 00 00 00 00 00 00 00 00 00 00 00 00 00 00 00 00 00 00 00 00 00 00 00 00 00 00 00 00 00 00 00 00 00 00 00 00 00 00 00 00 00 00 00 00 00 00 00 00 00 00 00 00 00 00 00 00 00 00 00 00 00 00 00 00 00 00 00 00 00 00 00 00 00 00 00 00 00 00 00 00 00 00 00 00 
2002/05/06 11:22:39[R] 00 00 00 00 00 00 00 00 00 00 00 00 00 00 00 00 00 00 00 00 00 00 00 00 00 00 00 00 00 95 6B 
2002/05/06 11:22:41[T] 01 17 00 00 00 7D 00 00 00 04 08 01 02 00 02 DB C7 00 00 E7 D5 
2002/05/06 11:22:41[R] 01 17 FA 01 06 00 01 DA 07 00 00 00 00 00 00 00 00 00 00 00 00 00 00 00 00 00 00 00 00 00 00 00 00 00 00 00 00 00 00 00 00 00 00 00 00 00 00 00 00 00 00 00 00 00 00 00 00 00 00 00 00 00 00 00 00 00 00 00 00 00 00 00 00 00 00 00 00 00 00 00 00 00 00 00 00 00 00 00 00 00 00 00 00 00 00 00 00 00 00 00 00 00 00 00 00 00 00 00 00 00 00 00 